ret: 1.6795360698616126
mtx:
 [[472.3189776    0.         328.89556397]
 [  0.         474.51773081 201.44863633]
 [  0.           0.           1.        ]]
dist畸变值:
 [[ 0.06539858  0.03443102 -0.02312586  0.00346551 -0.19397225]]
rvecs旋转(向量)外参:
 (array([[ 0.25446196],
       [-0.20301141],
       [-0.27577254]]), array([[ 0.08038263],
       [ 0.32913988],
       [-1.37437299]]), array([[-1.06467693],
       [-0.61709218],
       [-0.05472431]]), array([[-0.9690131 ],
       [-0.66283108],
       [-0.79810197]]), array([[-0.22846285],
       [ 0.01392198],
       [-1.18222284]]), array([[ 0.27062797],
       [-0.23604645],
       [-0.7047121 ]]), array([[ 0.04690383],
       [ 0.64309535],
       [-1.48079883]]), array([[-1.03140309],
       [-0.34437528],
       [ 0.00724609]]), array([[-0.67682469],
       [-0.43744968],
       [-0.37942879]]), array([[-1.02466063],
       [-0.14341833],
       [-0.16707535]]), array([[-0.5724221 ],
       [-0.19837697],
       [-0.09937095]]), array([[-0.38827594],
       [ 0.6142741 ],
       [-0.54796174]]), array([[ 0.07365799],
       [-0.08447164],
       [-0.18632764]]), array([[-0.92081138],
       [ 0.12143939],
       [ 1.12098522]]), array([[-0.53897675],
       [-0.19258735],
       [ 1.01770235]]), array([[-0.42656928],
       [-0.12252921],
       [ 0.10785777]]), array([[-0.07883354],
       [-0.47905711],
       [ 0.11372318]]), array([[-0.8016519 ],
       [ 0.47175553],
       [-0.02034398]]), array([[-0.3671405 ],
       [-0.64892115],
       [ 0.63967929]]), array([[-1.06111766],
       [-0.4816853 ],
       [-0.2823385 ]]), array([[-0.88092402],
       [ 0.38260966],
       [ 0.512317  ]]), array([[-0.40844408],
       [ 0.13140985],
       [ 0.63756501]]), array([[-0.69844607],
       [-0.69605406],
       [-0.61828907]]), array([[-0.43450577],
       [-0.47536294],
       [-0.43062453]]))
tvecs平移(向量)外参:
 (array([[-56.51717511],
       [  7.22367585],
       [291.17940988]]), array([[-132.47304807],
       [ 103.1963725 ],
       [ 357.79961986]]), array([[-109.15461428],
       [ -12.91484601],
       [ 248.63459431]]), array([[-50.76763907],
       [ 37.60956695],
       [261.69091143]]), array([[-63.62587426],
       [ 84.52265305],
       [335.4198134 ]]), array([[-57.15622093],
       [ 50.25075581],
       [265.61237632]]), array([[-30.44558832],
       [103.43244816],
       [320.84059977]]), array([[-89.13789347],
       [-14.99653233],
       [262.83707074]]), array([[-82.22556817],
       [-31.56096694],
       [218.26119239]]), array([[-117.82998997],
       [   7.1586041 ],
       [ 338.04147248]]), array([[-88.55229287],
       [  2.34945741],
       [358.09490562]]), array([[-160.59136855],
       [  20.97067836],
       [ 322.3641515 ]]), array([[-61.02779283],
       [ 11.78432849],
       [299.61145487]]), array([[-19.35487221],
       [-61.77260013],
       [380.44132758]]), array([[ -59.62500726],
       [-107.80201643],
       [ 367.12312368]]), array([[-89.31618534],
       [-44.82704036],
       [308.20973296]]), array([[-59.85094419],
       [-61.47549997],
       [205.58500315]]), array([[-108.86426529],
       [ -28.07758297],
       [ 310.78170272]]), array([[ -9.20168637],
       [-85.5873793 ],
       [309.6017523 ]]), array([[-102.64690967],
       [ -22.49801514],
       [ 211.14797394]]), array([[-26.22490525],
       [-51.4923048 ],
       [341.91549059]]), array([[ -1.04917096],
       [-89.46216529],
       [451.88419163]]), array([[-38.2136727 ],
       [ 21.62369131],
       [260.78158128]]), array([[-76.96664004],
       [  4.56461853],
       [309.79504898]]))
newcameramtx外参 [[483.45608521   0.         330.21463975]
 [  0.         482.35968018 193.20108029]
 [  0.           0.           1.        ]]